-1.537104 -0.151865 1.071173 -1.154422 -1.075745 3.071173 -1.349511 -0.094959 1.071173
-1.154422 -0.075745 1.071173 -1.154422 -1.075745 3.071173 -0.959332 -0.09496 1.071173
-1.154422 -1.075745 3.071173 -1.154422 -0.075745 1.071173 -1.349511 -0.094959 1.071173
-0.959332 -0.09496 1.071173 -1.154422 -1.075745 3.071173 -0.771739 -0.151865 1.071173
-1.709991 -0.244275 1.071173 -1.154422 -1.075745 3.071173 -1.537104 -0.151865 1.071173
-1.861528 -0.368637 1.071173 -1.154422 -1.075745 3.071173 -1.709991 -0.244275 1.071173
-1.985891 -0.520174 1.071173 -1.154422 -1.075745 3.071173 -1.861528 -0.368637 1.071173
-2.078301 -0.693061 1.071173 -1.154422 -1.075745 3.071173 -1.985891 -0.520174 1.071173
-2.135207 -0.880654 1.071173 -1.154422 -1.075745 3.071173 -2.078301 -0.693061 1.071173
-2.154422 -1.075744 1.071173 -1.154422 -1.075745 3.071173 -2.135207 -0.880654 1.071173
-2.135207 -1.270834 1.071173 -1.154422 -1.075745 3.071173 -2.154422 -1.075744 1.071173
-2.078302 -1.458428 1.071173 -1.154422 -1.075745 3.071173 -2.135207 -1.270834 1.071173
-1.985892 -1.631315 1.071173 -1.154422 -1.075745 3.071173 -2.078302 -1.458428 1.071173
-1.861529 -1.782851 1.071173 -1.154422 -1.075745 3.071173 -1.985892 -1.631315 1.071173
-1.709993 -1.907214 1.071173 -1.154422 -1.075745 3.071173 -1.861529 -1.782851 1.071173
-1.537106 -1.999624 1.071173 -1.154422 -1.075745 3.071173 -1.709993 -1.907214 1.071173
-1.349513 -2.05653 1.071173 -1.154422 -1.075745 3.071173 -1.537106 -1.999624 1.071173
-1.154422 -2.075745 1.071173 -1.154422 -1.075745 3.071173 -1.349513 -2.05653 1.071173
-0.959332 -2.05653 1.071173 -1.154422 -1.075745 3.071173 -1.154422 -2.075745 1.071173
-0.771739 -1.999625 1.071173 -1.154422 -1.075745 3.071173 -0.959332 -2.05653 1.071173
-0.598852 -1.907215 1.071173 -1.154422 -1.075745 3.071173 -0.771739 -1.999625 1.071173
-0.447315 -1.782852 1.071173 -1.154422 -1.075745 3.071173 -0.598852 -1.907215 1.071173
-0.322952 -1.631315 1.071173 -1.154422 -1.075745 3.071173 -0.447315 -1.782852 1.071173
-0.230542 -1.458428 1.071173 -1.154422 -1.075745 3.071173 -0.322952 -1.631315 1.071173
-0.173637 -1.270835 1.071173 -1.154422 -1.075745 3.071173 -0.230542 -1.458428 1.071173
-0.154422 -1.075745 1.071173 -1.154422 -1.075745 3.071173 -0.173637 -1.270835 1.071173
-0.173637 -0.880655 1.071173 -1.154422 -1.075745 3.071173 -0.154422 -1.075745 1.071173
-0.230542 -0.693062 1.071173 -1.154422 -1.075745 3.071173 -0.173637 -0.880655 1.071173
-0.322952 -0.520175 1.071173 -1.154422 -1.075745 3.071173 -0.230542 -0.693062 1.071173
-0.447315 -0.368638 1.071173 -1.154422 -1.075745 3.071173 -0.322952 -0.520175 1.071173
-0.598852 -0.244275 1.071173 -1.154422 -1.075745 3.071173 -0.447315 -0.368638 1.071173
-0.771739 -0.151865 1.071173 -1.154422 -1.075745 3.071173 -0.598852 -0.244275 1.071173
-1.154422 -0.075745 1.071173 -0.959332 -0.09496 1.071173 -1.349511 -0.094959 1.071173
-0.959332 -0.09496 1.071173 -1.537104 -0.151865 1.071173 -1.349511 -0.094959 1.071173
-0.959332 -0.09496 1.071173 -0.771739 -0.151865 1.071173 -1.537104 -0.151865 1.071173
-0.771739 -0.151865 1.071173 -1.709991 -0.244275 1.071173 -1.537104 -0.151865 1.071173
-0.771739 -0.151865 1.071173 -0.598852 -0.244275 1.071173 -1.709991 -0.244275 1.071173
-0.598852 -0.244275 1.071173 -1.861528 -0.368637 1.071173 -1.709991 -0.244275 1.071173
-0.598852 -0.244275 1.071173 -0.447315 -0.368638 1.071173 -1.861528 -0.368637 1.071173
-0.447315 -0.368638 1.071173 -1.985891 -0.520174 1.071173 -1.861528 -0.368637 1.071173
-0.447315 -0.368638 1.071173 -0.322952 -0.520175 1.071173 -1.985891 -0.520174 1.071173
-0.322952 -0.520175 1.071173 -2.078301 -0.693061 1.071173 -1.985891 -0.520174 1.071173
-0.322952 -0.520175 1.071173 -0.230542 -0.693062 1.071173 -2.078301 -0.693061 1.071173
-0.230542 -0.693062 1.071173 -2.135207 -0.880654 1.071173 -2.078301 -0.693061 1.071173
-0.230542 -0.693062 1.071173 -0.173637 -0.880655 1.071173 -2.135207 -0.880654 1.071173
-0.173637 -0.880655 1.071173 -2.154422 -1.075744 1.071173 -2.135207 -0.880654 1.071173
-0.173637 -0.880655 1.071173 -0.154422 -1.075745 1.071173 -2.154422 -1.075744 1.071173
-0.154422 -1.075745 1.071173 -2.135207 -1.270834 1.071173 -2.154422 -1.075744 1.071173
-0.154422 -1.075745 1.071173 -0.173637 -1.270835 1.071173 -2.135207 -1.270834 1.071173
-0.173637 -1.270835 1.071173 -2.078302 -1.458428 1.071173 -2.135207 -1.270834 1.071173
-0.173637 -1.270835 1.071173 -0.230542 -1.458428 1.071173 -2.078302 -1.458428 1.071173
-0.230542 -1.458428 1.071173 -1.985892 -1.631315 1.071173 -2.078302 -1.458428 1.071173
-0.230542 -1.458428 1.071173 -0.322952 -1.631315 1.071173 -1.985892 -1.631315 1.071173
-0.322952 -1.631315 1.071173 -1.861529 -1.782851 1.071173 -1.985892 -1.631315 1.071173
-0.322952 -1.631315 1.071173 -0.447315 -1.782852 1.071173 -1.861529 -1.782851 1.071173
-0.447315 -1.782852 1.071173 -1.709993 -1.907214 1.071173 -1.861529 -1.782851 1.071173
-0.447315 -1.782852 1.071173 -0.598852 -1.907215 1.071173 -1.709993 -1.907214 1.071173
-0.598852 -1.907215 1.071173 -1.537106 -1.999624 1.071173 -1.709993 -1.907214 1.071173
-0.598852 -1.907215 1.071173 -0.771739 -1.999625 1.071173 -1.537106 -1.999624 1.071173
-0.771739 -1.999625 1.071173 -1.349513 -2.05653 1.071173 -1.537106 -1.999624 1.071173
-0.771739 -1.999625 1.071173 -0.959332 -2.05653 1.071173 -1.349513 -2.05653 1.071173
-0.959332 -2.05653 1.071173 -1.154422 -2.075745 1.071173 -1.349513 -2.05653 1.071173